2.60,12.66,95.88,14.71,62195.91
2.72,13.25,97.44,14.72,62156.91
2.84,13.85,99.07,14.72,62117.91
2.96,14.45,100.77,14.72,62078.89
3.06,14.94,102.25,14.73,62046.39
3.18,15.54,104.08,14.74,62007.39
3.30,16.14,105.98,14.74,61968.38
3.42,16.74,107.96,14.75,61929.38
3.54,17.34,110.01,14.76,61890.38
3.66,17.94,112.13,14.76,61851.37
3.78,18.54,114.32,14.76,61812.37
3.90,19.15,116.59,14.77,61773.36
4.02,19.75,118.92,14.78,61734.36
4.14,20.35,121.33,14.78,61695.36
4.26,20.96,123.81,14.79,61656.35
4.38,21.56,126.37,14.79,61617.35
4.50,22.17,129.00,14.80,61578.35
4.64,22.88,132.15,14.81,61532.84
4.74,23.38,134.47,14.81,61500.34
4.86,23.99,137.31,14.82,61461.33
4.98,24.60,140.23,14.83,61422.33
5.10,25.21,143.22,14.83,61383.32
5.20,25.72,145.77,14.83,61350.82
5.32,26.33,148.90,14.85,61311.82
5.44,26.94,152.09,14.85,61272.81
5.56,27.55,155.37,14.86,61233.81
5.66,28.06,158.15,14.87,61201.30
5.80,28.78,162.13,14.87,61155.80
5.92,29.40,165.63,14.88,61116.79
6.04,30.01,169.19,14.88,61077.79
6.14,30.52,172.22,14.88,61045.29
6.26,31.14,175.92,14.89,61006.28
6.38,31.76,179.70,14.90,60967.28
6.50,32.37,183.55,14.89,60928.28
6.62,32.99,187.48,14.90,60889.27
6.74,33.61,191.47,14.91,60850.27
6.86,34.23,195.55,14.91,60811.27
7.00,34.96,200.39,14.94,60765.75
7.12,35.58,204.63,14.93,60726.75
7.22,36.10,208.21,14.94,60694.25
7.32,36.62,211.85,14.94,60661.75
7.44,37.24,216.29,14.94,60622.74
7.54,37.75,220.04,14.94,60590.24
7.66,38.38,224.61,14.95,60551.23
7.76,38.90,228.47,14.95,60518.73
7.88,39.53,233.18,14.95,60479.73
7.96,39.94,236.36,14.96,60453.72
8.10,40.67,242.01,14.96,60408.22
8.20,41.20,246.10,14.97,60375.72
8.32,41.83,251.09,14.99,60336.71
8.40,42.24,254.45,14.98,60310.71
8.52,42.87,259.56,14.98,60271.71
8.62,43.40,263.87,14.98,60239.20
8.74,44.02,269.12,14.98,60200.20
8.86,44.65,274.44,14.99,60161.20
8.96,45.17,278.93,15.00,60128.69
9.08,45.80,284.40,15.00,60089.69
9.20,46.43,289.93,15.01,60050.68
9.32,47.07,295.54,15.01,60011.68
9.44,47.69,301.23,15.01,59972.67
9.56,48.32,306.99,15.02,59933.67
9.68,48.96,312.83,15.02,59894.66
9.80,49.59,318.75,15.01,59855.66
9.92,50.22,324.74,15.02,59816.66
10.04,50.85,330.81,15.02,59777.65
10.16,51.49,336.95,15.04,59738.64
10.28,52.13,343.17,15.05,59699.64
10.40,52.76,349.46,15.04,59660.64
10.52,53.39,355.83,15.04,59621.63
10.64,54.03,362.28,15.03,59582.63
10.76,54.66,368.80,15.04,59543.63
10.88,55.29,375.40,15.05,59504.62
11.00,55.93,382.08,15.05,59465.62
11.14,56.67,389.97,15.06,59420.11
11.24,57.20,395.66,15.07,59387.61
11.36,57.84,402.57,15.06,59348.61
11.48,58.48,409.55,15.07,59309.60
11.58,59.01,415.43,15.07,59277.10
11.70,59.65,422.55,15.07,59238.10
11.82,60.29,429.75,15.07,59199.09
11.94,60.93,437.02,15.07,59160.09
12.06,61.57,444.38,15.08,59121.08
12.18,62.21,451.81,15.10,59082.08
12.28,62.74,458.06,15.09,59049.57
12.40,63.38,465.63,15.09,59010.57
12.52,64.02,473.27,15.09,58971.57
12.64,64.66,481.00,15.08,58932.56
12.74,65.19,487.49,15.09,58900.06
12.86,65.84,495.36,15.10,58861.05
12.96,66.37,501.97,15.10,58828.55
13.08,67.02,509.98,15.11,58789.55
13.18,67.56,516.71,15.11,58757.05
13.30,68.20,524.86,15.11,58718.04
13.42,68.84,533.09,15.12,58679.04
13.54,69.49,541.39,15.12,58640.03
13.66,70.13,549.77,15.11,58601.03
13.78,70.78,558.23,15.12,58562.02
13.90,71.42,566.76,15.11,58523.02
14.02,72.07,575.38,15.13,58484.02
14.14,72.72,584.07,15.14,58445.01
14.26,73.36,592.83,15.13,58406.00
14.38,74.01,601.68,15.13,58367.00
14.50,74.65,610.60,15.12,58328.00
14.60,75.19,618.10,15.12,58295.50
14.72,75.84,627.16,15.14,58256.49
14.84,76.49,636.31,15.13,58217.49
14.96,77.13,645.53,15.13,58178.48
15.06,77.67,653.27,15.13,58145.98
15.18,78.32,662.63,15.13,58106.97
15.30,78.96,672.07,15.14,58067.97
15.42,79.61,681.59,15.14,58028.96
15.52,80.15,689.58,15.13,57996.46
15.64,80.80,699.24,15.14,57957.46
15.76,81.45,708.98,15.13,57918.45
15.88,82.09,718.79,15.14,57879.45
15.98,82.64,727.03,15.15,57846.95
16.10,83.28,736.99,15.15,57807.94
16.20,83.82,745.35,15.13,57775.44
16.32,84.47,755.45,15.13,57736.43
16.44,85.11,765.63,15.12,57697.43
16.56,85.76,775.88,15.14,57658.43
16.68,86.41,786.22,15.14,57619.42
16.80,87.05,796.63,15.13,57580.42
16.92,87.70,807.11,15.13,57541.41
17.04,88.34,817.68,15.12,57502.41
17.14,88.88,826.54,15.12,57469.91
17.26,89.53,837.25,15.13,57430.90
17.38,90.17,848.04,15.13,57391.90
17.48,90.71,857.08,15.12,57359.40
17.60,91.36,868.01,15.13,57320.39
17.70,91.90,877.18,15.13,57287.88
17.82,92.55,888.25,15.14,57248.89
17.92,93.09,897.53,15.16,57216.38
18.04,93.74,908.75,15.14,57177.38
18.16,94.38,920.04,15.13,57138.37
18.28,95.03,931.41,15.12,57099.37
18.40,95.68,942.85,15.13,57060.36
18.52,96.33,954.38,15.15,57021.36
18.64,96.98,965.98,15.14,56982.36
18.74,97.51,975.71,15.13,56949.85
18.86,98.16,987.45,15.12,56910.85
18.98,98.81,999.28,15.11,56871.84
19.10,99.45,1011.17,15.13,56832.84
19.22,100.10,1023.15,15.14,56793.84
19.34,100.75,1035.21,15.13,56754.83
19.46,101.40,1047.34,15.14,56715.83
19.58,102.05,1059.55,15.13,56676.82
19.70,102.70,1071.84,15.15,56637.82
19.80,103.24,1082.14,15.16,56605.32
19.92,103.89,1094.57,15.15,56566.31
20.04,104.54,1107.08,15.14,56527.31
20.16,105.19,1119.67,15.14,56488.30
20.28,105.84,1132.34,15.14,56449.30
20.40,106.50,1145.08,15.17,56410.30
20.52,107.15,1157.91,15.17,56371.29
20.64,107.79,1170.81,15.15,56332.29
20.76,108.44,1183.79,15.13,56293.28
20.88,109.09,1196.84,15.12,56254.28
21.00,109.74,1209.98,15.14,56215.27
21.14,110.50,1225.40,15.15,56169.77
21.26,111.14,1238.70,15.13,56130.76
21.38,111.79,1252.08,15.12,56091.76
21.50,112.44,1265.54,15.11,56052.76
21.62,113.08,1279.08,15.13,56013.75
21.74,113.74,1292.69,15.14,55974.75
21.86,114.38,1306.38,15.13,55935.75
21.96,114.92,1317.85,15.13,55903.24
22.08,115.58,1331.69,15.13,55864.24
22.20,116.23,1345.60,15.14,55825.23
22.32,116.88,1359.59,15.17,55786.23
22.44,117.53,1373.66,15.16,55747.23
22.54,118.07,1385.45,15.14,55714.72
22.66,118.72,1399.66,15.13,55675.71
22.76,119.26,1411.56,15.12,55643.21
22.88,119.92,1425.92,15.14,55604.21
22.98,120.46,1437.94,15.16,55571.71
23.10,121.11,1452.44,15.14,55532.70
23.20,121.64,1464.58,15.13,55500.20
23.32,122.29,1479.22,15.11,55461.20
23.44,122.94,1493.94,15.11,55422.19
23.56,123.58,1508.74,15.13,55383.18
23.68,124.24,1523.61,15.13,55344.18
23.80,124.88,1538.56,15.12,55305.18
23.90,125.42,1551.08,15.13,55272.67
24.04,126.18,1568.70,15.13,55227.17
24.16,126.84,1583.89,15.15,55188.16
24.28,127.49,1599.15,15.17,55149.16
24.40,128.14,1614.50,15.16,55110.16
24.50,128.69,1627.34,15.15,55077.65
24.62,129.34,1642.83,15.15,55038.65
24.72,129.89,1655.80,15.16,55006.14
24.82,130.44,1668.82,15.18,54973.64
24.96,131.20,1687.14,15.18,54928.14
25.06,131.74,1700.29,15.16,54895.63
25.18,132.40,1716.14,15.15,54856.62
25.30,133.05,1732.08,15.14,54817.62
25.40,133.59,1745.41,15.15,54785.12
25.52,134.25,1761.49,15.17,54746.12
25.64,134.90,1777.64,15.15,54707.11
25.76,135.55,1793.88,15.14,54668.11
25.88,136.20,1810.19,15.13,54629.11
26.00,136.85,1826.58,15.13,54590.10
26.10,137.40,1840.29,15.16,54557.60
26.22,138.05,1856.83,15.16,54518.59
26.34,138.70,1873.44,15.15,54479.59
26.46,139.36,1890.13,15.15,54440.58
26.58,140.01,1906.89,15.16,54401.58
26.70,140.67,1923.74,15.18,54362.58
26.82,141.33,1940.67,15.19,54323.57
26.92,141.87,1954.83,15.17,54291.07
27.04,142.53,1971.90,15.16,54252.07
27.16,143.18,1989.05,15.14,54213.06
27.26,143.73,2003.40,15.15,54180.55
27.36,144.28,2017.80,15.17,54148.05
27.48,144.93,2035.16,15.17,54109.05
27.60,145.58,2052.60,15.15,54070.04
27.70,146.12,2067.19,15.14,54037.54
27.82,146.78,2084.77,15.13,53998.54
27.94,147.43,2102.43,15.14,53959.54
28.04,147.97,2117.20,15.17,53927.03
28.16,148.63,2135.00,15.17,53888.03
28.28,149.29,2152.89,15.17,53849.02
28.38,149.84,2167.85,15.18,53816.52
28.50,150.50,2185.87,15.18,53777.51
28.62,151.16,2203.98,15.21,53738.51
28.74,151.82,2222.16,15.22,53699.50
28.86,152.48,2240.43,15.20,53660.50
28.96,153.03,2255.71,15.20,53628.00
29.06,153.58,2271.05,15.21,53595.50
29.18,154.25,2289.52,15.22,53556.49
29.30,154.92,2308.08,15.25,53517.48
29.40,155.48,2323.60,15.26,53484.98
29.52,156.14,2342.31,15.24,53445.98
29.64,156.80,2361.09,15.23,53406.97
29.76,157.47,2379.95,15.21,53367.97
29.88,158.13,2398.89,15.23,53328.96
30.00,158.80,2417.92,15.25,53289.96
30.10,159.35,2433.83,15.24,53257.46
30.22,160.02,2453.00,15.23,53218.45
30.32,160.57,2469.03,15.23,53185.95
30.44,161.24,2488.35,15.24,53146.95
30.56,161.91,2507.75,15.26,53107.94
30.66,162.47,2523.97,15.27,53075.44
30.78,163.14,2543.51,15.25,53036.44
30.88,163.69,2559.86,15.24,53003.93
31.00,164.36,2579.55,15.23,52964.93
31.12,165.03,2599.32,15.24,52925.93
31.22,165.59,2615.85,15.26,52893.42
31.34,166.25,2635.77,15.26,52854.42
31.44,166.81,2652.43,15.25,52821.91
31.56,167.47,2672.49,15.24,52782.91
31.66,168.03,2689.27,15.23,52750.41
31.78,168.70,2709.48,15.24,52711.40
31.88,169.26,2726.39,15.27,52678.90
32.00,169.93,2746.75,15.27,52639.89
32.10,170.48,2763.77,15.26,52607.39
32.22,171.15,2784.28,15.26,52568.39
32.34,171.83,2804.86,15.26,52529.38
32.46,172.50,2825.53,15.28,52490.38
32.58,173.18,2846.28,15.31,52451.37
32.70,173.86,2867.11,15.31,52412.37
32.80,174.42,2884.53,15.30,52379.87
32.92,175.09,2905.50,15.29,52340.86
33.04,175.77,2926.56,15.29,52301.86
33.16,176.45,2947.70,15.31,52262.86
33.28,177.12,2968.92,15.32,52223.85
33.40,177.80,2990.23,15.32,52184.84
33.52,178.47,3011.61,15.30,52145.84
33.64,179.15,3033.07,15.30,52106.84
33.74,179.72,3051.02,15.31,52074.33
33.86,180.40,3072.64,15.32,52035.33
33.98,181.08,3094.33,15.33,51996.32
34.08,181.64,3112.47,15.33,51963.82
34.20,182.32,3134.32,15.33,51924.82
34.30,182.89,3152.59,15.33,51892.31
34.42,183.57,3174.58,15.34,51853.30
34.54,184.26,3196.66,15.35,51814.31
34.66,184.94,3218.82,15.36,51775.30
34.76,185.51,3237.34,15.36,51742.80
34.86,186.08,3255.93,15.36,51710.30
34.98,186.76,3278.31,15.36,51671.29
35.08,187.34,3297.02,15.37,51638.79
35.22,188.14,3323.31,15.38,51593.29
35.34,188.83,3345.94,15.39,51554.28
35.46,189.51,3368.64,15.39,51515.28
35.56,190.09,3387.63,15.39,51482.77
35.68,190.78,3410.49,15.39,51443.77
35.78,191.35,3429.60,15.40,51411.26
35.90,192.05,3452.61,15.41,51372.26
36.02,192.74,3475.71,15.41,51333.25
36.12,193.31,3495.02,15.42,51300.75
36.22,193.89,3514.38,15.42,51268.25
36.34,194.58,3537.70,15.42,51229.24
36.44,195.16,3557.19,15.43,51196.74
36.56,195.86,3580.66,15.44,51157.74
36.68,196.55,3604.21,15.44,51118.73
36.80,197.25,3627.85,15.44,51079.73
36.92,197.95,3651.57,15.45,51040.72
37.04,198.65,3675.37,15.46,51001.72
37.16,199.34,3699.26,15.46,50962.72
37.28,200.04,3723.23,15.47,50923.71
37.40,200.74,3747.29,15.47,50884.71
37.52,201.44,3771.43,15.48,50845.70
37.64,202.15,3795.65,15.48,50806.70
37.74,202.73,3815.90,15.49,50774.20
37.86,203.44,3840.28,15.50,50735.19
37.96,204.02,3860.66,15.50,50702.69
38.08,204.73,3885.19,15.51,50663.68
38.18,205.32,3905.70,15.51,50631.18
38.28,205.90,3926.27,15.52,50598.68
38.42,206.73,3955.16,15.52,50553.17
38.54,207.44,3980.02,15.53,50514.17
38.64,208.03,4000.80,15.54,50481.66
38.76,208.74,4025.81,15.54,50442.66
38.86,209.33,4046.72,15.55,50410.16
38.98,210.04,4071.89,15.55,50371.15
39.10,210.75,4097.15,15.56,50332.15
39.22,211.47,4122.49,15.57,50293.14
39.34,212.18,4147.91,15.57,50254.14
39.48,213.01,4177.69,15.58,50208.64
39.58,213.61,4199.02,15.58,50176.13
39.70,214.33,4224.71,15.59,50137.13
39.82,215.04,4250.48,15.60,50098.12
39.92,215.64,4272.02,15.60,50065.62
40.02,216.24,4293.62,15.61,50033.12
40.14,216.96,4319.62,15.62,49994.11
40.24,217.56,4341.35,15.62,49961.61
40.36,218.28,4367.51,15.63,49922.61
40.48,219.01,4393.76,15.64,49883.60
40.58,219.61,4415.69,15.64,49851.10
40.70,220.33,4442.10,15.65,49812.09
40.80,220.94,4464.17,15.65,49779.59
40.92,221.66,4490.73,15.66,49740.59
41.04,222.39,4517.38,15.67,49701.58
41.14,223.00,4539.66,15.67,49669.08
41.26,223.72,4566.47,15.68,49630.07
41.36,224.33,4588.88,15.69,49597.57
41.48,225.06,4615.85,15.69,49558.57
41.60,225.79,4642.91,15.70,49519.56
41.72,226.53,4670.06,15.71,49480.56
41.82,227.14,4692.75,15.72,49448.05
41.94,227.87,4720.06,15.72,49409.05
42.06,228.61,4747.45,15.73,49370.05
42.18,229.34,4774.94,15.74,49331.04
42.30,230.08,4802.51,15.75,49292.04
42.40,230.70,4825.56,15.75,49259.54
42.50,231.31,4848.67,15.76,49227.03
42.62,232.05,4876.48,15.77,49188.03
42.74,232.79,4904.38,15.78,49149.02
42.84,233.41,4927.69,15.78,49116.52
42.96,234.16,4955.76,15.79,49077.52
43.10,235.02,4988.61,15.80,49032.01
43.20,235.65,5012.15,15.81,48999.51
43.32,236.39,5040.48,15.81,48960.50
43.44,237.14,5068.90,15.82,48921.50
43.54,237.76,5092.65,15.83,48889.00
43.66,238.51,5121.24,15.84,48849.99
43.78,239.27,5149.91,15.85,48810.99
43.88,239.89,5173.88,15.85,48778.48
44.02,240.77,5207.53,15.86,48732.98
44.14,241.53,5236.48,15.87,48693.97
44.24,242.16,5260.67,15.88,48661.47
44.36,242.91,5289.78,15.89,48622.46
44.48,243.67,5318.99,15.90,48583.46
44.60,244.43,5348.28,15.91,48544.46
44.72,245.19,5377.67,15.92,48505.45
44.84,245.95,5407.14,15.93,48466.45
44.96,246.71,5436.71,15.94,48427.45
45.06,247.35,5461.42,15.94,48394.94
45.16,247.99,5486.19,15.95,48362.44
45.28,248.75,5516.01,15.96,48323.43
45.38,249.39,5540.92,15.97,48290.93
45.50,250.16,5570.90,15.98,48251.93
45.62,250.93,5600.98,15.99,48212.92
45.74,251.70,5631.15,16.00,48173.92
45.86,252.48,5661.40,16.01,48134.91
45.96,253.12,5686.69,16.01,48102.41
46.08,253.89,5717.12,16.02,48063.41
46.20,254.67,5747.64,16.03,48024.40
46.32,255.45,5778.26,16.04,47985.40
46.42,256.10,5803.84,16.05,47952.90
46.54,256.88,5834.63,16.06,47913.89
46.64,257.53,5860.36,16.07,47881.39
46.76,258.31,5891.32,16.08,47842.39
46.88,259.09,5922.37,16.09,47803.38
47.00,259.88,5953.52,16.10,47764.38
47.10,260.53,5979.54,16.11,47731.88
47.22,261.32,6010.86,16.12,47692.87
47.34,262.11,6042.28,16.13,47653.86
47.46,262.90,6073.79,16.14,47614.86
47.58,263.69,6105.39,16.16,47575.86
47.70,264.49,6137.09,16.17,47536.85
47.82,265.28,6168.89,16.18,47497.85
47.94,266.08,6200.78,16.19,47458.84
48.04,266.74,6227.43,16.20,47426.34
48.16,267.54,6259.49,16.21,47387.34
48.28,268.34,6291.65,16.22,47348.33
48.40,269.15,6323.91,16.23,47309.33
48.52,269.95,6356.27,16.24,47270.32
48.64,270.76,6388.72,16.26,47231.32
48.74,271.43,6415.83,16.27,47198.82
48.86,272.24,6448.46,16.28,47159.81
48.98,273.04,6481.19,16.28,47120.80
49.10,273.85,6514.01,16.29,47081.80
49.22,274.66,6546.93,16.29,47042.80
49.32,275.34,6574.44,16.30,47010.30
49.44,276.14,6607.54,16.29,46971.29
49.54,276.82,6635.19,16.29,46938.79
49.66,277.63,6668.47,16.29,46899.78
49.76,278.30,6696.27,16.28,46867.28
49.88,279.10,6729.72,16.27,46828.28
50.00,279.91,6763.27,16.26,46789.27
50.12,280.71,6796.92,16.24,46750.27
50.26,281.64,6836.29,16.23,46704.77
50.36,282.30,6864.50,16.21,46672.26
50.48,283.10,6898.43,16.19,46633.25
50.58,283.76,6926.78,16.17,46600.75
50.70,284.55,6960.89,16.14,46561.75
50.82,285.33,6995.09,16.12,46522.74
50.94,286.12,7029.38,16.09,46483.74
51.06,286.90,7063.77,16.06,46444.73
51.18,287.67,7098.25,16.04,46405.73
51.30,288.45,7132.83,16.01,46366.73
51.42,289.22,7167.50,15.99,46327.72
51.52,289.86,7196.46,15.97,46295.22
51.66,290.75,7237.11,15.94,46249.71
51.76,291.39,7266.23,15.92,46217.21
51.88,292.15,7301.25,15.90,46178.21
52.00,292.91,7336.36,15.88,46139.20
52.12,293.66,7371.56,15.86,46100.20
52.26,294.55,7412.74,15.84,46054.70
52.38,295.30,7448.14,15.82,46015.69
52.50,296.05,7483.63,15.81,45976.68
52.62,296.80,7519.21,15.80,45937.68
52.74,297.56,7554.88,15.79,45898.68
52.84,298.18,7584.68,15.78,45866.17
52.96,298.93,7620.51,15.78,45827.17
53.08,299.68,7656.43,15.77,45788.17
53.20,300.43,7692.45,15.77,45749.16
53.30,301.06,7722.53,15.77,45716.66
53.42,301.81,7758.71,15.78,45677.66
53.54,302.56,7794.98,15.78,45638.65
53.66,303.32,7831.34,15.79,45599.64
53.76,303.95,7861.71,15.80,45567.14
53.88,304.71,7898.24,15.81,45528.14
53.98,305.34,7928.75,15.82,45495.63
54.08,305.97,7959.32,15.83,45463.13
54.22,306.86,8002.23,15.85,45417.63
54.34,307.63,8039.11,15.87,45378.62
54.46,308.40,8076.08,15.89,45339.62
54.58,309.17,8113.14,15.91,45300.61
54.68,309.82,8144.10,15.93,45268.11
54.80,310.60,8181.33,15.96,45229.11
54.92,311.38,8218.66,15.99,45190.10
55.02,312.03,8249.84,16.01,45157.60
55.14,312.82,8287.34,16.04,45118.59
55.24,313.49,8318.66,16.07,45086.09
55.36,314.28,8356.33,16.10,45047.09
55.48,315.08,8394.10,16.14,45008.08
55.58,315.76,8425.65,16.16,44975.58
55.70,316.57,8463.60,16.20,44936.57
55.82,317.38,8501.65,16.24,44897.57
55.94,318.20,8539.79,16.27,44858.57
56.06,319.02,8578.03,16.31,44819.56
56.18,319.85,8616.37,16.35,44780.56
56.30,320.68,8654.81,16.38,44741.55
56.42,321.52,8693.35,16.42,44702.55
56.54,322.36,8732.00,16.46,44663.55
56.64,323.07,8764.27,16.48,44631.04
56.76,323.92,8803.10,16.52,44592.04
56.86,324.63,8835.54,16.55,44559.54
56.98,325.48,8874.55,16.58,44520.53
57.10,326.34,8913.67,16.62,44481.53
57.22,327.21,8952.89,16.65,44442.52
57.32,327.93,8985.66,16.68,44410.02
57.44,328.81,9025.07,16.71,44371.02
57.56,329.68,9064.59,16.74,44332.01
57.68,330.56,9104.22,16.77,44293.00
57.80,331.45,9143.95,16.80,44254.00
57.90,332.19,9177.13,16.83,44221.50
58.02,333.08,9217.06,16.86,44182.50
58.14,333.97,9257.09,16.88,44143.49
58.28,335.02,9303.93,16.92,44097.99
58.38,335.77,9337.48,16.94,44065.48
58.50,336.67,9377.84,16.97,44026.48
58.60,337.43,9411.55,17.00,43993.98
58.72,338.34,9452.11,17.03,43954.97
58.82,339.11,9485.99,17.05,43922.47
58.94,340.03,9526.74,17.08,43883.46
59.04,340.79,9560.79,17.11,43850.96
59.16,341.72,9601.75,17.14,43811.96
59.28,342.65,9642.83,17.17,43772.95
59.40,343.59,9684.01,17.21,43733.95
59.52,344.53,9725.31,17.24,43694.94
59.64,345.47,9766.72,17.28,43655.94
59.76,346.42,9808.24,17.31,43616.94
59.88,347.37,9849.88,17.34,43577.93
60.00,348.33,9891.63,17.38,43538.93
60.12,349.29,9933.50,17.42,43499.92
60.24,350.25,9975.48,17.45,43460.92
60.36,351.23,10017.58,17.49,43421.91
60.52,352.53,10073.89,17.54,43369.91
60.64,353.51,10116.26,17.58,43330.91
60.78,354.66,10165.85,17.62,43285.40
60.90,355.65,10208.48,17.66,43246.39
61.06,356.98,10265.50,17.71,43194.39
61.22,358.32,10322.74,17.76,43142.39
61.36,359.50,10373.00,17.80,43096.88
61.50,360.68,10423.42,17.85,43051.38
61.64,361.87,10474.01,17.89,43005.87
61.78,363.07,10524.77,17.94,42960.37
61.92,364.27,10575.70,17.98,42914.86
62.06,365.48,10626.79,18.02,42869.36
62.20,366.69,10678.05,18.05,42823.85
62.34,367.90,10729.49,18.08,42778.35
62.48,369.12,10781.09,18.10,42732.84
62.62,370.34,10832.87,18.12,42687.34
62.78,371.74,10892.25,18.14,42635.33
62.94,373.14,10951.85,18.16,42583.32
63.08,374.36,11004.19,18.19,42537.82
63.22,375.60,11056.70,18.22,42492.32
63.38,377.19,11124.47,18.25,42433.81
63.54,378.43,11177.37,18.28,42388.30
63.66,379.50,11222.86,18.30,42349.30
63.82,380.93,11283.71,18.34,42297.30
63.94,382.01,11329.50,18.36,42258.29
64.06,383.08,11375.42,18.39,42219.29
64.20,384.34,11429.15,18.42,42173.79
64.32,385.43,11475.35,18.45,42134.78
64.46,386.70,11529.41,18.49,42089.27
64.60,387.97,11583.65,18.52,42043.77
64.74,389.25,11638.07,18.55,41998.27
64.88,390.54,11692.67,18.59,41952.76
65.02,391.82,11747.44,18.62,41907.25
65.16,393.11,11802.40,18.66,41861.75
65.32,394.60,11865.43,18.71,41809.74
65.44,395.71,11912.86,18.74,41770.74
65.56,396.83,11960.43,18.78,41731.73
65.72,398.33,12024.05,18.82,41679.73
65.86,399.65,12079.93,18.86,41634.22
66.00,400.97,12135.98,18.90,41588.72
66.16,402.49,12200.27,18.95,41536.71
66.32,404.01,12264.80,19.01,41484.71
66.46,405.35,12321.47,19.07,41439.20
66.60,406.70,12378.32,19.11,41393.70
66.76,408.24,12443.53,19.15,41341.70
66.90,409.60,12500.79,19.21,41296.19
67.04,410.97,12558.24,19.25,41250.68
67.18,412.34,12615.88,19.31,41205.18
67.32,413.71,12673.71,19.35,41159.68
67.46,415.09,12731.73,19.39,41114.17
67.58,416.28,12781.62,19.43,41075.16
67.70,417.47,12831.65,19.47,41036.16
67.82,418.66,12881.82,19.50,40997.16
67.96,420.06,12940.53,19.55,40951.65
68.10,421.46,12999.44,19.59,40906.15
68.22,422.67,13050.09,19.63,40867.14
68.36,424.08,13109.36,19.68,40821.64
68.50,425.50,13168.83,19.73,40776.13
68.64,426.92,13228.49,19.78,40730.63
68.78,428.35,13288.36,19.83,40685.12
68.90,429.58,13339.82,19.88,40646.12
69.06,431.23,13408.68,19.94,40594.12
69.18,432.47,13460.49,19.99,40555.11
69.32,433.92,13521.12,20.03,40509.61
69.44,435.18,13573.25,20.07,40470.60
69.58,436.64,13634.26,20.13,40425.09
69.70,437.91,13686.72,20.18,40386.09
69.84,439.38,13756.89,20.26,40334.09
70.00,441.08,13818.51,20.34,40282.08
70.16,442.79,13889.18,20.40,40236.58
70.30,444.29,13951.24,20.45,40191.07
70.40,445.37,13995.70,20.48,40158.57
70.54,446.89,14058.12,20.53,40113.06
70.66,448.19,14111.78,20.58,40074.06
70.80,449.72,14174.59,20.66,40028.55
70.92,451.03,14228.59,20.73,39989.55
71.06,452.58,14291.78,20.80,39944.05
71.20,454.13,14355.19,20.86,39898.54
71.30,455.24,14400.61,20.89,39866.04
71.44,456.81,14464.38,20.95,39820.53
71.58,458.38,14528.37,21.00,39775.03
71.74,460.18,14601.76,21.08,39723.02
71.86,461.54,14656.99,21.15,39684.02
72.02,463.37,14730.88,21.24,39632.01
72.16,464.97,14795.76,21.31,39586.51
72.28,466.35,14851.55,21.36,39547.50
72.42,467.97,14916.83,21.42,39502.00
72.56,469.60,14982.34,21.47,39456.50
72.68,471.01,15038.67,21.54,39417.49
72.84,472.89,15114.03,21.61,39365.48
73.00,474.77,15189.67,21.71,39313.48
73.14,476.43,15265.61,21.80,39261.47
73.30,478.34,15332.30,21.88,39215.97
73.44,480.03,15399.21,21.94,39170.46
73.60,481.96,15475.95,22.00,39118.46
73.72,483.42,15533.71,22.06,39079.45
73.84,484.88,15591.63,22.12,39040.45
73.96,486.35,15649.72,22.18,39001.45
74.10,488.07,15717.71,22.25,38955.94
74.22,489.56,15776.17,22.31,38916.94
74.34,491.05,15834.80,22.37,38877.93
74.50,493.04,15913.23,22.46,38825.93
74.64,494.80,15982.11,22.54,38780.42
74.76,496.31,16041.34,22.61,38741.42
74.90,498.08,16110.65,22.68,38695.91
75.02,499.61,16170.25,22.74,38656.91
75.14,501.14,16230.02,22.79,38617.91
75.28,502.94,16299.97,22.85,38572.40
75.42,504.75,16370.17,22.91,38526.89
75.54,506.30,16430.52,22.97,38487.89
75.68,508.13,16501.16,23.05,38442.39
75.82,509.96,16572.03,23.13,38396.88
75.94,511.54,16632.97,23.20,38357.88
76.10,513.65,16714.51,23.29,38305.87
76.22,515.24,16775.86,23.36,38266.87
76.36,517.10,16847.67,23.43,38221.36
76.48,518.71,16909.41,23.49,38182.36
76.62,520.59,16981.67,23.54,38136.86
76.76,522.49,17054.17,23.60,38091.35
76.90,524.39,17126.92,23.66,38045.84
77.04,526.30,17199.92,23.74,38000.34
77.18,528.22,17273.16,23.82,37954.84
77.30,529.87,17336.14,23.90,37915.83
77.46,532.08,17420.39,24.00,37863.82
77.62,534.31,17504.97,24.06,37811.82
77.74,535.98,17568.61,24.11,37772.82
77.86,537.66,17632.44,24.16,37733.81
77.98,539.35,17696.46,24.22,37694.81
78.14,541.61,17782.10,24.31,37642.80
78.28,543.60,17857.31,24.38,37597.30
78.42,545.60,17932.77,24.44,37551.79
78.56,547.61,18008.48,24.51,37506.29
78.68,549.33,18073.58,24.56,37467.28
78.80,551.07,18138.86,24.61,37428.28
78.94,553.10,18215.27,24.68,37382.77
79.08,555.13,18291.93,24.76,37337.27
79.22,557.17,18368.84,24.85,37291.77
79.38,559.52,18457.06,24.94,37239.76
79.54,561.88,18545.61,25.00,37187.75
79.66,563.65,18612.24,25.05,37148.75
79.82,566.03,18701.38,25.10,37096.74
79.98,568.42,18790.86,25.17,37044.74
80.12,570.52,18869.43,25.24,36999.23
80.26,572.63,18948.26,25.30,36953.73
80.40,574.74,19027.34,25.36,36908.22
80.54,576.86,19106.69,25.43,36862.72
80.68,578.99,19186.30,25.50,36817.21
80.82,581.12,19266.17,25.57,36771.71
80.94,582.96,19334.84,25.63,36732.71
81.08,585.11,19415.19,25.67,36687.20
81.22,587.27,19495.80,25.72,36641.70
81.34,589.13,19565.11,25.77,36602.69
81.48,591.30,19646.21,25.83,36557.18
81.62,593.47,19727.57,25.90,36511.68
81.76,595.66,19809.19,25.97,36466.18
81.90,597.85,19891.08,26.02,36420.67
82.04,600.05,19973.22,26.06,36375.17
82.18,602.26,20055.63,26.11,36329.66
82.34,604.79,20150.14,26.17,36277.66
82.50,607.33,20244.98,26.25,36225.65
82.64,609.56,20328.26,26.32,36180.14
82.78,611.80,20411.79,26.38,36134.64
82.92,614.04,20495.59,26.42,36089.14
83.04,615.97,20567.62,26.47,36050.13
83.18,618.22,20651.91,26.52,36004.63
83.32,620.49,20736.46,26.59,35959.12
83.48,623.08,20833.40,26.65,35907.12
83.62,625.36,20918.51,26.70,35861.61
83.76,627.65,21003.89,26.75,35816.11
83.92,630.27,21101.78,26.81,35764.10
84.04,632.24,21175.43,26.87,35725.10
84.18,634.55,21261.59,26.93,35679.59
84.32,636.86,21348.01,26.99,35634.09
84.46,639.18,21434.70,27.04,35588.58
84.60,641.51,21521.65,27.09,35543.08
84.72,643.51,21596.39,27.14,35504.07
84.84,645.52,21671.33,27.20,35465.07
84.98,647.87,21758.99,27.26,35419.57
85.12,650.22,21846.92,27.32,35374.06
85.24,652.25,21922.49,27.36,35335.05
85.40,654.95,22023.56,27.41,35283.05
85.54,657.33,22112.27,27.46,35237.55
85.68,659.72,22201.25,27.52,35192.04
85.80,661.76,22277.73,27.58,35153.04
85.94,664.16,22367.19,27.65,35107.53
86.08,666.56,22456.91,27.71,35062.03
86.22,668.97,22546.90,27.76,35016.52
86.38,671.74,22650.06,27.81,34964.52
86.52,674.17,22740.61,27.86,34919.01
86.66,676.60,22831.42,27.92,34873.51
86.80,679.04,22922.49,27.99,34828.00
86.94,681.49,23013.82,28.05,34782.50
87.08,683.94,23105.41,28.10,34736.99
87.24,686.76,23210.40,28.16,34684.99
87.40,689.58,23315.74,28.22,34632.98
87.54,692.06,23408.18,28.29,34587.48
87.66,694.19,23487.63,28.34,34548.47
87.80,696.68,23580.55,28.40,34502.97
87.96,699.54,23687.07,28.46,34450.96
88.08,701.69,23767.18,28.50,34411.96
88.22,704.20,23860.89,28.57,34366.45
88.38,707.08,23968.29,28.64,34314.45
88.54,709.96,24089.52,28.72,34255.94
88.70,712.86,24184.10,28.76,34210.44
88.82,715.05,24265.38,28.80,34171.43
88.94,717.23,24346.84,28.85,34132.43
89.08,719.79,24442.12,28.91,34086.93
89.20,721.99,24523.99,28.95,34047.92
89.34,724.56,24619.75,29.01,34002.41
89.46,726.77,24702.03,29.06,33963.41
89.58,728.98,24784.49,29.11,33924.41
89.72,731.57,24880.94,29.17,33878.90
89.86,734.16,24977.64,29.23,33833.40
90.00,736.76,25074.59,29.29,33787.89
90.14,739.37,25171.79,29.35,33742.39
90.26,741.60,25255.30,29.41,33703.38
90.38,743.85,25339.00,29.45,33664.38
90.54,746.86,25450.89,29.51,33612.38
90.66,749.12,25535.02,29.54,33573.37
90.78,751.38,25619.34,29.59,33534.36
90.92,754.03,25717.93,29.64,33488.86
91.04,756.30,25802.65,29.69,33449.86
91.16,758.59,25887.54,29.74,33410.85
91.30,761.25,25986.81,29.80,33365.35
91.44,763.92,26086.33,29.86,33319.84
91.58,766.60,26186.10,29.93,33274.34
91.72,769.28,26286.11,30.00,33228.83
91.86,771.97,26386.36,30.05,33183.33
91.98,774.28,26472.49,30.09,33144.32
92.12,776.99,26573.19,30.13,33098.82
92.24,779.32,26659.71,30.18,33059.81
92.34,781.26,26731.94,30.21,33027.31
92.48,783.99,26833.27,30.27,32981.80
92.62,786.72,26934.84,30.32,32936.30
92.74,789.06,27022.10,30.38,32897.30
92.88,791.80,27124.11,30.45,32851.79
93.00,794.15,27211.75,30.51,32812.79
93.16,797.30,27328.86,30.58,32760.78
93.32,800.46,27446.29,30.63,32708.78
93.48,803.63,27564.02,30.68,32656.77
93.62,806.41,27667.29,30.73,32611.27
93.72,808.40,27741.20,30.77,32578.76
93.86,811.18,27844.87,30.84,32533.26
94.00,813.98,27948.77,30.90,32487.75
94.14,816.78,28052.90,30.96,32442.25
94.30,820.00,28172.20,31.01,32390.24
94.46,823.22,28291.79,31.07,32338.24
94.60,826.04,28396.68,31.14,32292.73
94.74,828.87,28501.80,31.19,32247.23
94.90,832.11,28622.21,31.26,32195.22
95.06,835.36,28742.92,31.32,32143.22
95.20,838.22,28848.78,31.38,32097.71
95.36,841.49,28970.04,31.44,32045.71
95.54,845.17,29106.80,31.52,31987.20
95.70,848.46,29228.67,31.56,31935.20
95.82,850.93,29320.26,31.62,31896.19
95.92,853.00,29396.71,31.65,31863.69
96.04,855.48,29488.60,31.70,31824.68
96.16,857.96,29580.65,31.74,31785.68
96.30,860.86,29688.23,31.81,31740.17
96.46,864.19,29811.46,31.87,31688.17
96.58,866.68,29904.05,31.93,31649.16
96.72,869.59,30012.28,31.99,31603.66
96.86,872.52,30120.72,32.04,31558.16
96.98,875.02,30213.82,32.10,31519.15
97.12,877.96,30322.65,32.14,31473.65
97.24,880.48,30416.08,32.19,31434.64
97.38,883.43,30525.29,32.23,31389.14
97.52,886.39,30634.69,32.29,31343.63
97.64,888.93,30728.64,32.32,31304.63
97.76,891.48,30822.73,32.37,31265.62
97.90,894.45,30932.69,32.41,31220.12
98.06,897.86,31058.60,32.47,31168.11
98.20,900.84,31168.99,32.54,31122.61
98.34,903.83,31279.58,32.60,31077.10
100.10,891.08,32659.23,1.09,21901.00
101.80,895.33,33973.43,11.71,21762.86
101.92,895.65,34065.95,11.71,21753.11
102.04,895.98,34158.43,11.72,21743.36
102.16,896.31,34250.88,11.72,21733.61
102.24,896.53,34312.49,11.72,21727.11
102.36,896.86,34404.88,11.72,21717.36
102.48,897.19,34497.25,11.73,21707.60
102.60,897.52,34589.57,11.75,21697.85
102.72,897.84,34681.87,11.76,21688.10
102.84,898.17,34774.12,11.77,21678.35
102.96,898.49,34866.35,11.78,21668.60
103.08,898.81,34958.53,11.79,21658.85
103.18,899.08,35035.32,11.80,21650.72
103.30,899.41,35127.44,11.81,21640.97
103.42,899.73,35219.52,11.82,21631.22
103.54,900.06,35311.56,11.82,21621.47
103.66,900.38,35403.57,11.83,21611.72
103.78,900.71,35495.53,11.84,21601.97
103.88,900.98,35572.14,11.85,21593.84
104.00,901.31,35664.03,11.85,21584.09
104.12,901.63,35755.88,11.86,21574.34
104.24,901.96,35847.70,11.87,21564.59
104.36,902.28,35939.47,11.88,21554.84
104.48,902.61,36031.20,11.88,21545.09
104.60,902.94,36122.89,11.89,21535.34
104.70,903.21,36199.26,11.90,21527.21
104.82,903.53,36290.88,11.90,21517.46
104.92,903.81,36367.19,11.91,21509.33
105.04,904.13,36458.72,11.92,21499.58
105.14,904.40,36534.96,11.92,21491.46
105.26,904.73,36626.42,11.93,21481.71
105.38,905.06,36717.83,11.94,21471.96
105.48,905.33,36793.97,11.94,21463.83
105.62,905.71,36900.51,11.95,21452.45
105.74,906.03,36991.78,11.96,21442.70
105.86,906.36,37083.01,11.96,21432.95
105.96,906.63,37158.99,11.97,21424.82
106.08,906.96,37250.14,11.98,21415.07
106.20,907.28,37341.23,11.98,21405.32
106.32,907.61,37432.27,11.99,21395.57
106.44,907.93,37523.27,12.00,21385.82
106.54,908.20,37599.07,12.00,21377.69
106.66,908.53,37689.97,12.01,21367.94
106.78,908.85,37780.83,12.02,21358.19
106.88,909.12,37856.51,12.02,21350.07
107.00,909.45,37947.27,12.03,21340.31
107.12,909.77,38037.99,12.03,21330.56
107.24,910.10,38128.65,12.04,21320.81
107.34,910.37,38204.17,12.04,21312.69
107.46,910.69,38294.73,12.05,21302.94
107.60,911.07,38400.33,12.06,21291.56
107.72,911.39,38490.78,12.06,21281.81
107.82,911.66,38566.12,12.07,21273.68
107.94,911.99,38656.47,12.08,21263.93
108.06,912.31,38746.77,12.08,21254.18
108.18,912.63,38837.01,12.09,21244.43
108.28,912.90,38912.17,12.09,21236.30
108.42,913.27,39017.33,12.10,21224.93
108.54,913.60,39107.41,12.11,21215.18
108.64,913.86,39182.43,12.11,21207.05
108.76,914.18,39272.40,12.12,21197.30
108.88,914.51,39362.31,12.12,21187.55
109.00,914.83,39452.16,12.13,21177.80
109.12,915.15,39541.95,12.14,21168.05
109.24,915.47,39631.69,12.14,21158.30
109.36,915.79,39721.36,12.15,21148.54
109.46,916.05,39796.04,12.15,21140.42
109.58,916.37,39885.60,12.16,21130.67
109.70,916.69,39975.10,12.16,21120.92
109.82,917.01,40064.54,12.17,21111.17
109.94,917.33,40153.91,12.18,21101.41
110.08,917.70,40258.10,12.18,21090.04
110.20,918.01,40347.34,12.19,21080.29
110.32,918.33,40436.51,12.19,21070.54
110.44,918.65,40525.62,12.20,21060.79
110.56,918.96,40614.66,12.21,21051.04
110.68,919.28,40703.64,12.21,21041.28
110.78,919.54,40777.73,12.22,21033.16
110.92,919.91,40881.39,12.22,21021.78
111.04,920.22,40970.16,12.23,21012.03
111.16,920.53,41058.87,12.23,21002.28
111.30,920.90,41162.27,12.24,20990.90
111.40,921.16,41236.08,12.25,20982.78
111.52,921.47,41324.57,12.25,20973.03
111.66,921.84,41427.73,12.26,20961.65
111.78,922.15,41516.08,12.26,20951.90
111.90,922.46,41604.35,12.27,20942.15
112.00,922.72,41677.86,12.27,20934.02
112.14,923.08,41780.68,12.28,20922.64
112.26,923.39,41868.74,12.29,20912.89
112.38,923.70,41956.72,12.29,20903.14
112.50,924.01,42044.63,12.30,20893.39
112.60,924.27,42117.82,12.30,20885.27
112.72,924.57,42205.59,12.31,20875.52
112.82,924.83,42278.68,12.31,20867.39
112.92,925.09,42351.71,12.32,20859.26
113.06,925.44,42453.86,12.32,20847.89
113.18,925.75,42541.33,12.33,20838.14
113.30,926.05,42628.73,12.33,20828.38
113.42,926.36,42716.05,12.34,20818.64
113.54,926.66,42803.29,12.34,20808.88
113.64,926.92,42875.92,12.35,20800.76
113.76,927.22,42963.02,12.35,20791.01
113.86,927.47,43035.53,12.36,20782.88
113.98,927.77,43122.47,12.36,20773.13
114.08,928.03,43194.86,12.37,20765.00
114.20,928.33,43281.65,12.37,20755.25
114.34,928.68,43382.81,12.38,20743.88
114.46,928.98,43469.42,12.38,20734.12
114.58,929.28,43555.94,12.39,20724.37
114.70,929.58,43642.38,12.39,20714.62
114.82,929.87,43728.74,12.40,20704.87
114.94,930.17,43815.01,12.41,20695.12
115.06,930.47,43901.19,12.41,20685.37
115.18,930.77,43987.29,12.42,20675.62
115.30,931.06,44073.30,12.42,20665.87
115.44,931.41,44173.53,12.43,20654.49
115.56,931.70,44259.34,12.43,20644.74
115.68,932.00,44345.07,12.44,20634.99
115.80,932.29,44430.70,12.44,20625.24
115.94,932.63,44530.49,12.45,20613.86
116.06,932.92,44615.93,12.45,20604.11
116.16,933.17,44687.06,12.46,20595.99
116.30,933.51,44786.53,12.47,20584.61
116.42,933.80,44871.68,12.47,20574.86
116.54,934.09,44956.75,12.48,20565.11
116.66,934.38,45041.72,12.48,20555.36
116.78,934.67,45126.59,12.49,20545.61
116.90,934.95,45211.37,12.49,20535.86
117.02,935.24,45296.05,12.50,20526.10
117.14,935.53,45380.63,12.50,20516.35
117.26,935.81,45465.12,12.51,20506.60
117.38,936.10,45549.50,12.51,20496.85
117.48,936.33,45619.75,12.52,20488.72
117.60,936.62,45703.95,12.52,20478.97
117.72,936.90,45788.06,12.53,20469.22
117.84,937.18,45872.06,12.53,20459.47
117.96,937.47,45955.96,12.54,20449.72
118.06,937.71,46025.80,12.54,20441.60
118.18,937.99,46109.52,12.55,20431.84
118.30,938.28,46193.13,12.55,20422.09
118.44,938.62,46290.55,12.56,20410.71
118.56,938.90,46373.94,12.56,20400.96
118.68,939.19,46457.23,12.57,20391.21
118.78,939.44,46526.55,12.57,20383.09
118.90,939.73,46609.65,12.58,20373.34
119.02,940.02,46692.64,12.58,20363.59
119.12,940.27,46761.72,12.59,20355.46
119.24,940.56,46844.52,12.59,20345.71
119.36,940.86,46927.21,12.60,20335.96
119.46,941.11,46996.05,12.60,20327.83
119.58,941.41,47078.55,12.61,20318.08
119.68,941.66,47147.22,12.61,20309.96
119.80,941.96,47229.52,12.62,20300.21
119.90,942.22,47298.03,12.62,20292.08
120.02,942.53,47380.14,12.63,20282.33
120.14,942.85,47462.15,12.63,20272.58
120.26,943.18,47544.05,12.64,20262.83
120.38,943.50,47625.85,12.64,20253.07
120.50,943.84,47707.54,12.65,20243.32
120.62,944.17,47789.13,12.65,20233.57
120.74,944.51,47870.61,12.66,20223.82
120.86,944.86,47951.99,12.66,20214.07
120.98,945.21,48033.26,12.67,20204.32
121.10,945.56,48114.44,12.67,20194.57
121.22,945.91,48195.50,12.68,20184.82
121.32,946.21,48262.98,12.68,20176.69
121.44,946.57,48343.85,12.69,20166.94
121.56,946.93,48424.63,12.69,20157.19
121.68,947.29,48505.29,12.70,20147.44
121.80,947.66,48585.86,12.70,20137.69
121.92,948.04,48666.32,12.71,20127.94
122.04,948.42,48746.67,12.71,20118.19
122.16,948.80,48826.93,12.72,20108.43
122.28,949.18,48907.08,12.73,20098.68
122.40,949.57,48987.12,12.73,20088.93
122.50,949.90,49053.75,12.74,20080.81
122.62,950.29,49133.60,12.74,20071.05
122.74,950.69,49213.35,12.75,20061.30
122.86,951.09,49293.00,12.75,20051.55
122.96,951.43,49359.30,12.76,20043.43
123.10,951.91,49451.99,12.76,20032.05
123.20,952.25,49518.12,12.77,20023.93
123.34,952.74,49610.57,12.77,20012.55
123.46,953.16,49689.71,12.78,20002.80
123.58,953.59,49768.74,12.78,19993.04
123.70,954.01,49847.67,12.79,19983.29
123.84,954.52,49939.62,12.80,19971.92
123.96,954.95,50018.33,12.80,19962.17
124.08,955.39,50096.94,12.81,19952.42
124.22,955.91,50188.51,12.81,19941.04
124.32,956.28,50253.84,12.82,19932.91
124.46,956.81,50345.18,12.83,19921.54
124.58,957.26,50423.36,12.83,19911.79
124.68,957.65,50488.43,12.84,19903.66
124.80,958.11,50566.43,12.84,19893.91
124.92,958.57,50644.32,12.85,19884.16
125.04,959.04,50722.11,12.85,19874.41
125.16,959.51,50799.80,12.86,19864.66
125.28,959.99,50877.38,12.87,19854.91
125.38,960.39,50941.96,12.87,19846.78
125.50,960.87,51019.37,12.88,19837.03
125.62,961.36,51096.67,12.88,19827.28
125.74,961.85,51173.87,12.89,19817.53
125.86,962.34,51250.97,12.89,19807.78
126.00,962.92,51340.79,12.90,19796.40
126.10,963.34,51404.86,12.90,19788.28
126.24,963.93,51494.45,12.91,19776.90
126.36,964.44,51571.13,12.92,19767.15
126.48,964.95,51647.71,12.92,19757.40
126.60,965.47,51724.19,12.93,19747.65
126.72,965.99,51800.56,12.94,19737.89
126.84,966.51,51876.84,12.94,19728.14
126.96,967.04,51953.02,12.95,19718.39
127.08,967.57,52029.10,12.95,19708.64
127.20,968.10,52105.08,12.96,19698.89
127.32,968.64,52180.96,12.97,19689.14
127.42,969.09,52244.11,12.97,19681.01
127.54,969.63,52319.81,12.98,19671.26
127.66,970.18,52395.41,12.98,19661.51
127.78,970.73,52470.90,12.99,19651.76
127.90,971.29,52546.30,12.99,19642.01
128.00,971.75,52609.06,13.00,19633.88
128.10,972.22,52671.75,13.00,19625.76
128.22,972.78,52746.88,13.01,19616.01
128.34,973.35,52821.92,13.02,19606.26
128.46,973.92,52896.85,13.02,19596.51
128.56,974.40,52959.22,13.03,19588.38
128.68,974.98,53033.98,13.03,19578.63
128.80,975.56,53108.64,13.04,19568.88
128.92,976.15,53183.19,13.05,19559.12
129.04,976.74,53257.65,13.05,19549.37
129.16,977.33,53332.02,13.06,19539.62
129.28,977.92,53406.28,13.07,19529.87
129.40,978.52,53480.44,13.07,19520.12
129.52,979.13,53554.51,13.08,19510.37
129.64,979.73,53628.48,13.08,19500.62
129.76,980.34,53702.35,13.09,19490.87
129.88,980.96,53776.13,13.10,19481.12
130.00,981.57,53849.80,13.10,19471.37
130.12,982.19,53923.38,13.11,19461.62
130.24,982.82,53996.86,13.12,19451.86
130.36,983.44,54070.25,13.12,19442.11
130.48,984.08,54143.54,13.13,19432.36
130.60,984.71,54216.72,13.13,19422.61
130.70,985.24,54277.64,13.14,19414.49
130.82,985.88,54350.65,13.15,19404.73
130.94,986.53,54423.57,13.15,19394.98
131.06,987.17,54496.39,13.16,19385.23
131.18,987.83,54569.11,13.17,19375.48
131.30,988.48,54641.74,13.17,19365.73
131.42,989.14,54714.26,13.18,19355.98
131.54,989.80,54786.70,13.18,19346.23
131.66,990.47,54859.03,13.19,19336.48
131.78,991.13,54931.27,13.20,19326.73
131.90,991.81,55003.42,13.20,19316.97
132.02,992.48,55075.47,13.21,19307.22
132.14,993.16,55147.42,13.22,19297.47
132.26,993.84,55219.27,13.22,19287.72
132.36,994.41,55279.08,13.23,19279.60
132.48,995.10,55350.76,13.23,19269.85
132.60,995.79,55422.35,13.24,19260.09
132.72,996.49,55493.84,13.25,19250.34
132.84,997.19,55565.23,13.25,19240.59
132.96,997.89,55636.53,13.26,19230.84
133.08,998.60,55707.74,13.27,19221.09
133.20,999.31,55778.85,13.27,19211.34
133.30,999.90,55838.03,13.28,19203.21
133.42,1000.62,55908.97,13.29,19193.46
133.54,1001.33,55979.81,13.29,19183.71
133.66,1002.06,56050.55,13.30,19173.96
133.78,1002.78,56121.20,13.31,19164.21
133.90,1003.51,56191.76,13.31,19154.46
134.02,1004.24,56262.22,13.32,19144.71
134.14,1004.98,56332.59,13.33,19134.96
134.26,1005.72,56402.87,13.33,19125.21
134.38,1006.46,56473.05,13.34,19115.46
134.50,1007.21,56543.13,13.35,19105.70
134.62,1007.95,56613.13,13.35,19095.95
134.74,1008.71,56683.02,13.36,19086.20
134.86,1009.46,56752.83,13.37,19076.45
134.98,1010.22,56822.54,13.37,19066.70
135.10,1010.98,56892.16,13.38,19056.95
135.22,1011.75,56961.68,13.39,19047.20
135.34,1012.52,57031.11,13.39,19037.45
135.46,1013.29,57100.45,13.40,19027.69
135.58,1014.07,57169.69,13.41,19017.94
135.72,1014.98,57250.36,13.41,19006.57
135.82,1015.63,57307.90,13.42,18998.44
135.94,1016.41,57376.87,13.43,18988.69
136.06,1017.20,57445.74,13.43,18978.94
136.18,1017.99,57514.52,13.44,18969.19
136.30,1018.79,57583.21,13.45,18959.44
136.42,1019.59,57651.81,13.45,18949.69
136.54,1020.39,57720.31,13.46,18939.93
136.66,1021.20,57788.72,13.47,18930.19
136.78,1022.00,57857.04,13.47,18920.43
136.90,1022.82,57925.27,13.48,18910.68
137.02,1023.63,57993.40,13.49,18900.93
137.14,1024.45,58061.45,13.49,18891.18
137.26,1025.27,58129.40,13.50,18881.43
137.38,1026.09,58197.26,13.51,18871.68
137.50,1026.92,58265.02,13.51,18861.93
137.62,1027.75,58332.70,13.52,18852.18
137.74,1028.59,58400.29,13.53,18842.43
137.86,1029.43,58467.78,13.53,18832.67
137.98,1030.27,58535.18,13.54,18822.92
138.10,1031.11,58602.49,13.55,18813.17
138.22,1031.96,58669.71,13.56,18803.42
138.32,1032.67,58725.66,13.56,18795.29
138.44,1033.52,58792.72,13.57,18785.54
138.56,1034.38,58859.68,13.58,18775.79
138.66,1035.09,58915.41,13.58,18767.67
138.78,1035.95,58982.21,13.59,18757.92
138.90,1036.82,59048.92,13.60,18748.16
139.02,1037.69,59115.53,13.60,18738.41
139.12,1038.41,59170.98,13.61,18730.29
139.26,1039.43,59248.50,13.62,18718.91
139.36,1040.17,59303.79,13.62,18710.79
139.48,1041.05,59370.06,13.63,18701.04
139.60,1041.93,59436.25,13.64,18691.29
139.72,1042.82,59502.34,13.64,18681.53
139.84,1043.71,59568.34,13.65,18671.78
139.94,1044.45,59623.27,13.66,18663.66
140.06,1045.35,59689.11,13.66,18653.90
140.18,1046.25,59754.86,13.67,18644.15
140.30,1047.15,59820.52,13.68,18634.40
140.40,1047.90,59875.17,13.68,18626.28
140.52,1048.81,59940.66,13.69,18616.53
140.64,1049.72,60006.07,13.70,18606.78
140.76,1050.63,60071.39,13.70,18597.03
140.88,1051.55,60136.62,13.71,18587.27
141.00,1052.47,60201.76,13.72,18577.52
141.12,1053.40,60266.81,13.73,18567.77
141.24,1054.32,60331.77,13.73,18558.02
141.36,1055.25,60396.65,13.74,18548.27
141.46,1056.03,60450.64,13.75,18540.14
141.58,1056.96,60515.36,13.75,18530.39
141.70,1057.90,60579.98,13.76,18520.64
141.82,1058.84,60644.52,13.77,18510.89
141.94,1059.79,60708.97,13.78,18501.14
142.06,1060.73,60773.33,13.78,18491.39
142.18,1061.69,60837.60,13.79,18481.64
142.30,1062.64,60901.79,13.80,18471.88
142.42,1063.60,60965.89,13.80,18462.13
142.54,1064.56,61029.90,13.81,18452.38
142.66,1065.52,61093.82,13.82,18442.63
142.78,1066.48,61157.66,13.83,18432.88
142.90,1067.45,61221.41,13.83,18423.13
143.02,1068.42,61285.07,13.84,18413.38
143.14,1069.40,61348.65,13.85,18403.63
143.26,1070.38,61412.14,13.86,18393.88
143.38,1071.36,61475.54,13.86,18384.12
143.50,1072.34,61538.85,13.87,18374.38
143.62,1073.33,61602.08,13.88,18364.62
143.74,1074.32,61665.23,13.88,18354.87
143.84,1075.14,61717.78,13.89,18346.75
143.96,1076.14,61780.76,13.90,18337.00
144.08,1077.14,61843.66,13.91,18327.25
144.20,1078.14,61906.47,13.91,18317.49
144.32,1079.14,61969.20,13.92,18307.74
144.44,1080.15,62031.84,13.93,18297.99
144.56,1081.16,62094.39,13.93,18288.24
144.68,1082.17,62156.86,13.94,18278.49
144.80,1083.19,62219.25,13.95,18268.74
144.92,1084.21,62281.54,13.96,18258.99
145.04,1085.23,62343.76,13.96,18249.24
145.16,1086.25,62405.89,13.97,18239.48
145.28,1087.28,62467.93,13.98,18229.74
145.40,1088.31,62529.88,13.99,18219.98
145.52,1089.35,62591.76,13.99,18210.23
145.64,1090.38,62653.55,14.00,18200.48
145.76,1091.42,62715.25,14.01,18190.73
145.88,1092.46,62776.87,14.02,18180.98
146.00,1093.51,62838.40,14.02,18171.23
146.12,1094.56,62899.85,14.03,18161.48
146.22,1095.43,62950.99,14.04,18153.35
146.34,1096.49,63012.29,14.05,18143.60
146.44,1097.37,63063.30,14.05,18135.47
146.58,1098.60,63134.63,14.06,18124.10
146.68,1099.49,63185.50,14.07,18115.97
146.80,1100.55,63246.47,14.07,18106.22
146.92,1101.62,63307.36,14.08,18096.47
147.04,1102.69,63368.17,14.09,18086.72
147.14,1103.58,63418.78,14.10,18078.60
147.26,1104.66,63479.43,14.10,18068.84
147.38,1105.74,63540.00,14.11,18059.09
147.50,1106.82,63600.48,14.12,18049.34
147.62,1107.90,63660.89,14.13,18039.59
147.72,1108.81,63711.16,14.13,18031.46
147.84,1109.90,63771.41,14.14,18021.71
147.94,1110.81,63821.56,14.15,18013.59
148.06,1111.90,63881.66,14.16,18003.84
148.18,1113.00,63941.67,14.16,17994.08
148.30,1114.10,64001.61,14.17,17984.33
148.42,1115.20,64061.46,14.18,17974.58
148.54,1116.31,64121.23,14.19,17964.83
148.66,1117.41,64180.91,14.19,17955.08
148.78,1118.53,64240.52,14.20,17945.33
148.90,1119.64,64300.04,14.21,17935.58
149.02,1120.76,64359.48,14.22,17925.83
149.12,1121.69,64408.96,14.22,17917.70
149.24,1122.81,64468.25,14.23,17907.95
149.36,1123.94,64527.46,14.24,17898.20
149.48,1125.06,64586.58,14.25,17888.45
149.60,1126.19,64645.63,14.25,17878.70
149.72,1127.33,64704.60,14.26,17868.95
149.84,1128.46,64763.48,14.27,17859.20
149.96,1129.60,64822.28,14.28,17849.45
150.06,1130.55,64871.22,14.28,17841.32
150.18,1131.70,64929.88,14.29,17831.57
150.30,1132.84,64988.45,14.30,17821.82
150.42,1133.99,65046.95,14.31,17812.07
150.52,1134.95,65095.63,14.31,17803.94
150.64,1136.10,65153.97,14.32,17794.19
150.76,1137.26,65212.24,14.33,17784.44
150.88,1138.42,65270.42,14.34,17774.69
151.00,1139.58,65328.53,14.35,17764.94
151.10,1140.55,65376.89,14.35,17756.81
151.22,1141.72,65434.85,14.36,17747.06
151.32,1142.70,65483.08,14.37,17738.93
151.44,1143.87,65540.90,14.37,17729.18
151.56,1145.04,65598.63,14.38,17719.43
151.68,1146.22,65656.28,14.39,17709.68
151.80,1147.40,65713.85,14.40,17699.93
151.90,1148.39,65761.77,14.41,17691.80
152.02,1149.57,65819.20,14.41,17682.05
152.14,1150.76,65876.55,14.42,17672.30
152.26,1151.95,65933.82,14.43,17662.55
152.36,1152.94,65981.48,14.44,17654.42
152.48,1154.14,66038.61,14.44,17644.67
152.58,1155.14,66086.15,14.45,17636.55
152.70,1156.34,66143.13,14.46,17626.80
152.82,1157.54,66200.03,14.47,17617.04
152.92,1158.55,66247.39,14.47,17608.92
153.04,1159.75,66304.15,14.48,17599.17
153.14,1160.76,66351.39,14.49,17591.04
153.26,1161.98,66408.00,14.50,17581.29
153.38,1163.19,66464.54,14.50,17571.54
153.48,1164.21,66511.59,14.51,17563.41
153.60,1165.43,66567.99,14.52,17553.66
153.72,1166.65,66624.31,14.53,17543.91
153.82,1167.67,66671.18,14.53,17535.79
153.94,1168.90,66727.35,14.54,17526.04
154.06,1170.13,66783.45,14.55,17516.28
154.18,1171.36,66839.47,14.56,17506.53
154.30,1172.60,66895.41,14.57,17496.78
154.42,1173.83,66951.28,14.57,17487.03
154.54,1175.07,67007.06,14.58,17477.28
154.66,1176.32,67062.78,14.59,17467.53
154.78,1177.56,67118.41,14.60,17457.78
154.90,1178.81,67173.97,14.61,17448.03
155.02,1180.06,67229.45,14.62,17438.28
155.14,1181.32,67284.86,14.62,17428.52
155.26,1182.57,67340.18,14.63,17418.77
155.36,1183.62,67386.23,14.64,17410.65
155.48,1184.88,67441.42,14.65,17400.90
155.60,1186.14,67496.54,14.66,17391.14
155.70,1187.20,67542.41,14.66,17383.02
155.80,1188.26,67588.22,14.67,17374.89
155.92,1189.53,67643.13,14.68,17365.14
156.04,1190.80,67697.97,14.69,17355.39
156.14,1191.86,67743.61,14.69,17347.27
156.26,1193.14,67798.31,14.70,17337.52
156.36,1194.20,67843.83,14.71,17329.39
156.48,1195.49,67898.39,14.72,17319.64
156.60,1196.77,67952.87,14.72,17309.89
156.72,1198.06,68007.28,14.73,17300.13
156.84,1199.35,68061.62,14.74,17290.38
156.96,1200.64,68115.88,14.75,17280.63
157.06,1201.72,68161.03,14.76,17272.51
157.18,1203.02,68215.16,14.76,17262.76
157.30,1204.31,68269.21,14.77,17253.01
157.42,1205.62,68323.18,14.78,17243.25
157.54,1206.92,68377.08,14.79,17233.51
157.66,1208.23,68430.91,14.80,17223.75
157.76,1209.32,68475.70,14.81,17215.63
157.88,1210.63,68529.40,14.81,17205.88
157.98,1211.72,68574.08,14.82,17197.75
158.10,1213.04,68627.64,14.83,17188.00
158.20,1214.14,68672.21,14.84,17179.87
158.32,1215.46,68725.63,14.84,17170.12
158.44,1216.78,68778.98,14.85,17160.37
158.56,1218.11,68832.25,14.86,17150.62
158.66,1219.21,68876.59,14.87,17142.49
158.78,1220.54,68929.73,14.88,17132.74
158.88,1221.65,68973.96,14.88,17124.62
159.00,1222.99,69026.96,14.89,17114.87
159.12,1224.32,69079.90,14.90,17105.12
159.24,1225.66,69132.76,14.91,17095.37
159.34,1226.78,69176.75,14.92,17087.24
159.46,1228.12,69229.48,14.93,17077.49
159.58,1229.47,69282.14,14.93,17067.74
159.70,1230.82,69334.72,14.94,17057.99
159.80,1231.94,69378.49,14.95,17049.86
159.92,1233.30,69430.94,14.96,17040.11
160.04,1234.65,69483.32,14.97,17030.36
160.16,1236.01,69535.63,14.98,17020.61
160.26,1237.14,69579.16,14.98,17012.48
160.38,1238.51,69631.34,14.99,17002.73
160.50,1239.87,69683.45,15.00,16992.98
160.62,1241.24,69735.48,15.01,16983.23
160.72,1242.38,69778.79,15.02,16975.10
160.84,1243.75,69830.69,15.02,16965.35
160.94,1244.89,69873.89,15.03,16957.22
161.06,1246.27,69925.67,15.04,16947.47
161.18,1247.65,69977.37,15.05,16937.72
161.30,1249.03,70029.01,15.06,16927.97
161.42,1250.41,70080.58,15.07,16918.22
161.54,1251.80,70132.08,15.07,16908.47
161.64,1252.95,70174.94,15.08,16900.34
161.76,1254.34,70226.31,15.09,16890.59
161.86,1255.50,70269.07,15.10,16882.47
161.98,1256.90,70320.31,15.11,16872.71
162.10,1258.29,70371.49,15.12,16862.96
162.22,1259.69,70422.59,15.12,16853.21
162.34,1261.09,70473.62,15.13,16843.46
162.48,1262.73,70533.06,15.14,16832.09
162.60,1264.14,70583.95,15.15,16822.34
162.70,1265.31,70626.30,15.16,16814.21
162.82,1266.72,70677.06,15.17,16804.46
162.94,1268.13,70727.74,15.18,16794.71
163.06,1269.55,70778.36,15.19,16784.96
163.18,1270.97,70828.91,15.19,16775.21
163.30,1272.39,70879.40,15.20,16765.46
163.42,1273.81,70929.81,15.21,16755.70
163.52,1275.00,70971.77,15.22,16747.58
163.64,1276.42,71022.06,15.23,16737.83
163.76,1277.85,71072.28,15.24,16728.08
163.88,1279.28,71122.43,15.25,16718.32
164.00,1280.71,71172.51,15.26,16708.57
164.12,1282.15,71222.53,15.26,16698.82
164.24,1283.59,71272.48,15.27,16689.07
164.36,1285.03,71322.36,15.28,16679.32
164.48,1286.47,71372.17,15.29,16669.57
164.60,1287.92,71421.92,15.30,16659.82
164.72,1289.36,71471.60,15.31,16650.07
164.84,1290.81,71521.21,15.32,16640.32
164.92,1291.78,71554.24,15.32,16633.81
165.06,1293.48,71611.98,15.33,16622.44
165.20,1295.17,71669.63,15.34,16611.06
165.32,1296.63,71718.97,15.35,16601.31
165.44,1298.09,71768.25,15.36,16591.56
165.56,1299.56,71817.46,15.37,16581.81
165.68,1301.02,71866.61,15.38,16572.06
165.78,1302.24,71907.51,15.39,16563.93
165.88,1303.47,71948.37,15.40,16555.81
166.00,1304.94,71997.34,15.40,16546.05
166.10,1306.17,72038.10,15.41,16537.93
166.22,1307.64,72086.95,15.42,16528.18
166.34,1309.12,72135.73,15.43,16518.43
166.46,1310.60,72184.45,15.44,16508.68
166.58,1312.08,72233.10,15.45,16498.93
166.66,1313.07,72265.50,15.45,16492.43
166.78,1314.56,72314.04,15.46,16482.67
166.90,1316.05,72362.51,15.47,16472.92
167.02,1317.54,72410.92,15.48,16463.17
167.14,1319.03,72459.26,15.49,16453.42
167.26,1320.53,72507.55,15.50,16443.67
167.38,1322.02,72555.77,15.51,16433.92
167.50,1323.52,72603.92,15.52,16424.17
167.62,1325.02,72652.01,15.53,16414.42
167.76,1326.78,72708.03,15.54,16403.04
167.88,1328.28,72755.98,15.55,16393.29
168.00,1329.79,72803.87,15.56,16383.54
168.12,1331.30,72851.68,15.57,16373.79
168.24,1332.82,72899.44,15.58,16364.04
168.36,1334.33,72947.14,15.59,16354.29
168.48,1335.85,72994.78,15.59,16344.53
168.62,1337.62,73050.26,15.61,16333.16
168.74,1339.14,73097.76,15.61,16323.41
168.86,1340.67,73145.20,15.62,16313.66
168.98,1342.20,73192.57,15.63,16303.91
169.10,1343.72,73239.88,15.64,16294.15
169.22,1345.26,73287.12,15.65,16284.40
169.34,1346.79,73334.31,15.66,16274.65
169.46,1348.32,73381.43,15.67,16264.90
169.58,1349.86,73428.49,15.68,16255.15
169.70,1351.40,73475.49,15.69,16245.40
169.82,1352.94,73522.42,15.70,16235.65
169.94,1354.49,73569.30,15.71,16225.90
170.06,1356.03,73616.11,15.72,16216.14
170.18,1357.58,73662.86,15.73,16206.39
170.30,1359.13,73709.55,15.74,16196.64
170.42,1360.68,73756.18,15.75,16186.89
170.52,1361.98,73794.99,15.75,16178.77
170.64,1363.54,73841.51,15.76,16169.02
170.76,1365.10,73887.96,15.77,16159.26
170.88,1366.66,73934.36,15.78,16149.51
171.00,1368.22,73980.69,15.79,16139.76
171.10,1369.52,74019.26,15.80,16131.64
171.22,1371.09,74065.47,15.81,16121.89
171.34,1372.66,74111.63,15.82,16112.13
171.46,1374.23,74157.74,15.83,16102.38
171.58,1375.81,74203.78,15.84,16092.63
171.70,1377.38,74249.76,15.85,16082.88
171.82,1378.96,74295.68,15.86,16073.13
171.94,1380.54,74341.55,15.87,16063.38
172.06,1382.12,74387.35,15.88,16053.63
172.18,1383.71,74433.09,15.89,16043.88
172.28,1385.03,74471.17,15.89,16035.75
172.40,1386.62,74516.80,15.90,16026.00
172.54,1388.47,74569.96,15.92,16014.62
172.66,1390.06,74615.46,15.93,16004.87
172.78,1391.66,74660.91,15.93,15995.12
172.90,1393.26,74706.30,15.94,15985.37
173.02,1394.85,74751.63,15.95,15975.62
173.14,1396.46,74796.90,15.96,15965.87
173.26,1398.06,74842.12,15.97,15956.12
173.38,1399.66,74887.28,15.98,15946.37
173.50,1401.27,74932.38,15.99,15936.62
173.62,1402.88,74977.42,16.00,15926.87
173.74,1404.49,75022.40,16.01,15917.11
173.86,1406.11,75067.33,16.02,15907.36
173.98,1407.72,75112.20,16.03,15897.61
174.12,1409.61,75164.47,16.04,15886.24
174.24,1411.23,75209.21,16.05,15876.48
174.34,1412.58,75246.46,16.06,15868.36
174.46,1414.21,75291.10,16.07,15858.61
174.58,1415.83,75335.68,16.08,15848.86
174.70,1417.46,75380.21,16.09,15839.11
174.82,1419.09,75424.68,16.10,15829.36
174.94,1420.72,75469.10,16.11,15819.60
175.06,1422.36,75513.46,16.12,15809.85
175.18,1424.00,75557.76,16.13,15800.10
175.30,1425.64,75602.01,16.14,15790.35
175.42,1427.28,75646.20,16.15,15780.60
175.54,1428.92,75690.33,16.16,15770.85
175.66,1430.56,75734.42,16.17,15761.10
175.78,1432.21,75778.44,16.18,15751.35
175.90,1433.86,75822.41,16.19,15741.59
176.02,1435.51,75866.33,16.20,15731.84
176.14,1437.17,75910.18,16.21,15722.09
176.26,1438.82,75953.99,16.22,15712.34
176.38,1440.48,75997.74,16.23,15702.59
176.50,1442.14,76041.44,16.24,15692.84
176.60,1443.52,76077.81,16.25,15684.71
176.72,1445.19,76121.40,16.26,15674.96
176.84,1446.85,76164.94,16.27,15665.21
176.96,1448.52,76208.43,16.28,15655.46
177.08,1450.19,76251.86,16.29,15645.71
177.18,1451.58,76288.02,16.30,15637.58
177.28,1452.97,76324.13,16.31,15629.46
177.40,1454.65,76367.42,16.32,15619.71
177.52,1456.33,76410.66,16.33,15609.96
177.64,1458.01,76453.85,16.34,15600.21
177.76,1459.69,76496.98,16.35,15590.45
177.88,1461.37,76540.06,16.36,15580.70
178.00,1463.05,76583.08,16.37,15570.95
178.12,1464.74,76626.04,16.38,15561.20
178.24,1466.43,76668.96,16.39,15551.45
178.36,1468.12,76711.83,16.40,15541.70
178.48,1469.82,76754.65,16.41,15531.95
178.60,1471.51,76797.41,16.42,15522.20
178.72,1473.21,76840.12,16.43,15512.45
178.84,1474.91,76882.78,16.44,15502.70
178.96,1476.61,76925.39,16.45,15492.94
179.08,1478.31,76967.94,16.46,15483.19
179.20,1480.02,77010.45,16.47,15473.44
179.32,1481.72,77052.91,16.48,15463.69
179.44,1483.43,77095.31,16.49,15453.94
179.56,1485.15,77137.66,16.50,15444.19
179.68,1486.86,77179.97,16.51,15434.44
179.80,1488.57,77222.21,16.52,15424.69
179.92,1490.29,77264.41,16.53,15414.94
180.04,1492.01,77306.56,16.54,15405.18
180.16,1493.73,77348.66,16.56,15395.43
180.28,1495.46,77390.71,16.57,15385.68
180.38,1496.90,77425.72,16.57,15377.56
180.50,1498.62,77467.67,16.58,15367.81
180.62,1500.35,77509.58,16.60,15358.05
180.74,1502.08,77551.44,16.61,15348.30
180.84,1503.53,77586.28,16.61,15340.18
180.96,1505.26,77628.05,16.63,15330.43
181.08,1507.00,77669.78,16.64,15320.68
181.20,1508.74,77711.45,16.65,15310.92
181.32,1510.48,77753.07,16.66,15301.17
181.44,1512.22,77794.64,16.67,15291.42
181.56,1513.97,77836.17,16.68,15281.67
181.68,1515.71,77877.65,16.69,15271.92
181.80,1517.46,77919.07,16.70,15262.17
181.92,1519.21,77960.45,16.71,15252.42
182.04,1520.97,78001.78,16.72,15242.67
182.16,1522.72,78043.07,16.73,15232.92
182.28,1524.48,78084.31,16.74,15223.17
182.40,1526.24,78125.49,16.75,15213.41
182.52,1528.00,78166.63,16.76,15203.66
182.64,1529.76,78207.73,16.77,15193.91
182.76,1531.53,78248.78,16.79,15184.16
182.86,1533.00,78282.95,16.79,15176.04
182.98,1534.77,78323.91,16.81,15166.28
183.12,1536.83,78371.65,16.82,15154.91
183.26,1538.90,78419.31,16.83,15143.53
183.38,1540.68,78460.12,16.84,15133.78
183.48,1542.16,78494.09,16.85,15125.66
183.60,1543.93,78534.81,16.86,15115.90
183.72,1545.72,78575.49,16.87,15106.15
183.84,1547.50,78616.12,16.88,15096.40
183.96,1549.28,78656.71,16.89,15086.65
184.08,1551.07,78697.25,16.90,15076.90
184.18,1552.56,78731.00,16.91,15068.77
184.30,1554.35,78771.46,16.92,15059.02
184.40,1555.84,78805.14,16.93,15050.90
184.52,1557.64,78845.52,16.94,15041.15
184.64,1559.43,78885.85,16.96,15031.40
184.76,1561.23,78926.14,16.97,15021.64
184.88,1563.03,78966.38,16.98,15011.89
185.00,1564.83,79006.58,16.99,15002.14
185.12,1566.64,79046.74,17.00,14992.39
185.24,1568.44,79086.85,17.01,14982.64
185.36,1570.25,79126.92,17.02,14972.89
185.48,1572.06,79166.94,17.03,14963.14
185.60,1573.87,79206.92,17.04,14953.39
185.72,1575.68,79246.86,17.06,14943.64
185.84,1577.50,79286.75,17.07,14933.89
185.96,1579.32,79326.61,17.08,14924.13
186.08,1581.14,79366.41,17.09,14914.38
186.20,1582.96,79406.18,17.10,14904.63
186.32,1584.78,79445.90,17.11,14894.88
186.44,1586.61,79485.59,17.12,14885.13
186.56,1588.43,79525.22,17.13,14875.38
186.68,1590.26,79564.82,17.14,14865.63
186.80,1592.09,79604.37,17.16,14855.88
186.92,1593.93,79643.88,17.17,14846.12
187.02,1595.45,79676.78,17.18,14838.00
187.14,1597.29,79716.22,17.19,14828.25
187.24,1598.82,79749.05,17.20,14820.12
187.36,1600.66,79788.41,17.21,14810.37
187.48,1602.51,79827.73,17.22,14800.62
187.60,1604.35,79867.01,17.23,14790.87
187.72,1606.20,79906.25,17.24,14781.12
187.84,1608.04,79945.45,17.25,14771.37
187.94,1609.58,79978.09,17.26,14763.24
188.06,1611.44,80017.21,17.27,14753.49
188.18,1613.29,80056.30,17.29,14743.74
188.30,1615.15,80095.34,17.30,14733.99
188.42,1617.00,80134.35,17.31,14724.24
188.54,1618.86,80173.31,17.32,14714.49
188.66,1620.72,80212.23,17.33,14704.74
188.78,1622.59,80251.12,17.34,14694.98
188.90,1624.45,80289.96,17.35,14685.23
189.02,1626.32,80328.77,17.37,14675.48
189.14,1628.19,80367.54,17.38,14665.73
189.26,1630.06,80406.28,17.39,14655.98
189.38,1631.93,80444.97,17.40,14646.23
189.50,1633.81,80483.62,17.41,14636.48
189.62,1635.68,80522.24,17.42,14626.73
189.74,1637.56,80560.82,17.44,14616.98
189.86,1639.44,80599.36,17.45,14607.22
189.98,1641.33,80637.87,17.46,14597.47
190.10,1643.21,80676.34,17.47,14587.72
190.22,1645.10,80714.77,17.48,14577.97
190.34,1646.98,80753.16,17.49,14568.22
190.46,1648.87,80791.51,17.51,14558.47
190.58,1650.77,80829.83,17.52,14548.72
190.70,1652.66,80868.11,17.53,14538.97
190.82,1654.56,80906.35,17.54,14529.22
190.94,1656.46,80944.55,17.55,14519.47
191.06,1658.36,80982.73,17.56,14509.71
191.18,1660.26,81020.87,17.58,14499.96
191.30,1662.16,81058.97,17.59,14490.21
191.42,1664.07,81097.03,17.60,14480.46
191.54,1665.97,81135.06,17.61,14470.71
191.66,1667.88,81173.06,17.62,14460.96
191.78,1669.80,81211.02,17.64,14451.21
191.90,1671.71,81248.94,17.65,14441.46
192.02,1673.62,81286.84,17.66,14431.71
192.14,1675.54,81324.69,17.67,14421.96
192.26,1677.46,81362.51,17.68,14412.20
192.38,1679.38,81400.29,17.70,14402.45
192.50,1681.31,81438.04,17.71,14392.70
192.62,1683.23,81475.76,17.72,14382.95
192.74,1685.16,81513.45,17.73,14373.20
192.86,1687.09,81551.10,17.74,14363.45
192.96,1688.70,81582.45,17.75,14355.32
193.08,1690.63,81620.04,17.77,14345.57
193.20,1692.56,81657.60,17.78,14335.82
193.32,1694.50,81695.12,17.79,14326.07
193.44,1696.44,81732.61,17.80,14316.32
193.56,1698.38,81770.07,17.81,14306.57
193.68,1700.32,81807.49,17.83,14296.82
193.80,1702.26,81844.89,17.84,14287.07
193.92,1704.21,81882.25,17.85,14277.31
194.04,1706.16,81919.58,17.86,14267.56
194.16,1708.11,81956.88,17.87,14257.81
194.28,1710.06,81994.15,17.89,14248.06
194.40,1712.01,82031.38,17.90,14238.31
194.52,1713.97,82068.59,17.91,14228.56
194.64,1715.93,82105.76,17.92,14218.81
194.76,1717.89,82142.91,17.94,14209.06
194.88,1719.85,82180.02,17.95,14199.31
195.00,1721.81,82217.10,17.96,14189.56
195.10,1723.45,82247.98,17.97,14181.43
195.22,1725.41,82285.00,17.98,14171.68
195.34,1727.38,82322.00,18.00,14161.93
195.46,1729.35,82358.97,18.01,14152.18
195.58,1731.33,82395.90,18.02,14142.43
195.70,1733.30,82432.80,18.03,14132.67
195.82,1735.28,82469.68,18.05,14122.92
195.92,1736.93,82500.39,18.06,14114.80
196.04,1738.91,82537.20,18.07,14105.05
196.16,1740.89,82574.00,18.08,14095.30
196.28,1742.87,82610.77,18.09,14085.54
196.40,1744.86,82647.50,18.11,14075.79
196.52,1746.85,82684.21,18.12,14066.04
196.64,1748.84,82720.90,18.13,14056.29
196.76,1750.83,82757.55,18.14,14046.54
196.88,1752.82,82794.17,18.16,14036.79
197.00,1754.82,82830.77,18.17,14027.04
197.12,1756.81,82867.33,18.18,14017.29
197.24,1758.81,82903.88,18.19,14007.54
197.36,1760.81,82940.39,18.21,13997.79
197.48,1762.82,82976.88,18.22,13988.03
197.60,1764.82,83013.35,18.23,13978.28
197.72,1766.83,83049.78,18.24,13968.53
197.84,1768.84,83086.19,18.26,13958.78
197.94,1770.51,83116.52,18.27,13950.66
198.06,1772.53,83152.88,18.28,13940.90
198.18,1774.54,83189.22,18.29,13931.15
198.30,1776.56,83225.53,18.31,13921.40
198.42,1778.58,83261.81,18.32,13911.65
198.54,1780.60,83298.07,18.33,13901.90
198.66,1782.62,83334.31,18.34,13892.15
198.78,1784.64,83370.51,18.36,13882.40
198.90,1786.67,83406.70,18.37,13872.65
199.02,1788.70,83442.86,18.38,13862.90
199.14,1790.73,83479.00,18.40,13853.14
199.24,1792.42,83509.09,18.41,13845.02
199.36,1794.45,83545.19,18.42,13835.27
199.48,1796.49,83581.26,18.43,13825.52
199.60,1798.52,83617.30,18.45,13815.77
199.72,1800.56,83653.33,18.46,13806.01
199.84,1802.60,83689.32,18.47,13796.26
199.96,1804.65,83725.30,18.49,13786.51
200.08,1806.69,83761.25,18.50,13776.76
200.20,1808.74,83797.18,18.51,13767.01
200.32,1810.79,83833.09,18.52,13757.26
200.44,1812.84,83868.98,18.54,13747.51
200.56,1814.89,83904.84,18.55,13737.76
200.68,1816.95,83940.68,18.56,13728.01
200.80,1819.00,83976.50,18.58,13718.26
200.92,1821.06,84012.30,18.59,13708.50
201.04,1823.12,84048.08,18.60,13698.75
201.16,1825.18,84083.83,18.62,13689.00
201.28,1827.25,84119.56,18.63,13679.25
201.40,1829.31,84155.27,18.64,13669.50
201.52,1831.38,84190.97,18.66,13659.75
201.64,1833.45,84226.64,18.67,13650.00
201.76,1835.53,84262.29,18.68,13640.25
201.88,1837.60,84297.92,18.70,13630.50
202.00,1839.68,84333.54,18.71,13620.75
202.12,1841.75,84369.13,18.72,13611.00
202.24,1843.83,84404.70,18.74,13601.24
202.36,1845.92,84440.26,18.75,13591.49
202.48,1848.00,84475.79,18.76,13581.74
202.60,1850.08,84511.31,18.78,13571.99
202.72,1852.17,84546.81,18.79,13562.24
202.84,1854.26,84582.29,18.80,13552.49
202.96,1856.35,84617.75,18.82,13542.74
203.08,1858.45,84653.19,18.83,13532.99
203.20,1860.54,84688.61,18.84,13523.23
203.32,1862.64,84724.02,18.86,13513.48
203.44,1864.74,84759.41,18.87,13503.73
203.58,1867.19,84800.67,18.89,13492.36
203.70,1869.29,84836.02,18.90,13482.61
203.82,1871.40,84871.36,18.92,13472.85
203.94,1873.51,84906.67,18.93,13463.10
204.06,1875.62,84941.98,18.94,13453.35
204.18,1877.73,84977.26,18.96,13443.60
204.30,1879.84,85012.53,18.97,13433.85
204.42,1881.96,85047.78,18.98,13424.10
204.54,1884.07,85083.02,19.00,13414.35
204.66,1886.19,85118.24,19.01,13404.60
204.78,1888.31,85153.45,19.03,13394.85
204.90,1890.44,85188.64,19.04,13385.09
205.02,1892.56,85223.82,19.05,13375.34
205.14,1894.69,85258.98,19.07,13365.59
205.24,1896.46,85288.27,19.08,13357.47
205.36,1898.59,85323.41,19.09,13347.72
205.48,1900.73,85358.53,19.11,13337.97
205.60,1902.86,85393.64,19.12,13328.21
205.72,1905.00,85428.73,19.13,13318.46
205.84,1907.14,85463.81,19.15,13308.71
205.96,1909.28,85498.88,19.16,13298.96
206.08,1911.42,85533.93,19.18,13289.21
206.20,1913.56,85568.97,19.19,13279.46
206.32,1915.71,85604.00,19.20,13269.71
206.44,1917.86,85639.01,19.22,13259.96
206.56,1920.01,85674.02,19.23,13250.21
206.68,1922.16,85709.01,19.25,13240.46
206.80,1924.31,85743.99,19.26,13230.70
206.92,1926.47,85778.95,19.28,13220.95
207.04,1928.63,85813.91,19.29,13211.20
207.16,1930.79,85848.85,19.30,13201.45
207.28,1932.95,85883.78,19.32,13191.70
207.40,1935.11,85918.70,19.33,13181.95
207.52,1937.28,85953.61,19.35,13172.20
207.64,1939.45,85988.51,19.36,13162.45
207.76,1941.62,86023.40,19.38,13152.70
207.88,1943.79,86058.28,19.39,13142.94
208.00,1945.96,86093.15,19.40,13133.19
208.12,1948.14,86128.01,19.42,13123.44
208.24,1950.32,86162.87,19.43,13113.69
208.36,1952.50,86197.70,19.45,13103.94
208.48,1954.68,86232.53,19.46,13094.19
208.60,1956.86,86267.36,19.48,13084.44
208.72,1959.05,86302.17,19.49,13074.69
208.84,1961.24,86336.98,19.51,13064.94
208.96,1963.43,86371.78,19.52,13055.19
209.08,1965.62,86406.57,19.53,13045.43
209.20,1967.81,86441.35,19.55,13035.68
209.32,1970.01,86476.13,19.56,13025.93
209.44,1972.21,86510.90,19.58,13016.18
209.56,1974.41,86545.66,19.59,13006.43
209.68,1976.61,86580.41,19.61,12996.68
209.80,1978.81,86615.16,19.62,12986.93
209.92,1981.02,86649.90,19.64,12977.18
210.04,1983.23,86684.63,19.65,12967.42
210.16,1985.44,86719.36,19.67,12957.67
210.28,1987.65,86754.08,19.68,12947.92
210.40,1989.86,86788.80,19.70,12938.17
210.52,1992.08,86823.51,19.71,12928.42
210.64,1994.30,86858.22,19.73,12918.67
210.74,1996.14,86887.14,19.74,12910.54
210.86,1998.37,86921.83,19.75,12900.79
210.98,2000.59,86956.53,19.77,12891.04
211.10,2002.82,86991.21,19.78,12881.29
211.22,2005.04,87025.90,19.80,12871.54
211.34,2007.27,87060.58,19.81,12861.79
211.46,2009.50,87095.25,19.83,12852.04
211.58,2011.74,87129.92,19.84,12842.29
211.70,2013.97,87164.59,19.86,12832.54
211.82,2016.21,87199.26,19.87,12822.79
211.94,2018.45,87233.92,19.89,12813.04
212.06,2020.69,87268.58,19.90,12803.28
212.18,2022.94,87303.23,19.92,12793.53
212.30,2025.18,87337.88,19.93,12783.78
212.42,2027.43,87372.54,19.95,12774.03
212.54,2029.68,87407.19,19.96,12764.28
212.66,2031.93,87441.84,19.98,12754.53
212.78,2034.18,87476.49,19.99,12744.78
212.90,2036.44,87511.13,20.01,12735.03
213.02,2038.70,87545.78,20.03,12725.27
213.12,2040.58,87574.65,20.04,12717.15
213.24,2042.84,87609.29,20.05,12707.40
213.36,2045.11,87643.94,20.07,12697.65
213.48,2047.37,87678.58,20.08,12687.90
213.60,2049.64,87713.23,20.10,12678.15
213.72,2051.91,87747.87,20.12,12668.39
213.84,2054.18,87782.52,20.13,12658.64
213.96,2056.45,87817.17,20.15,12648.89
214.08,2058.73,87851.82,20.16,12639.14
214.20,2061.01,87886.47,20.18,12629.39
214.32,2063.29,87921.12,20.19,12619.64
214.44,2065.57,87955.77,20.21,12609.89
214.54,2067.47,87984.65,20.22,12601.76
214.66,2069.76,88019.30,20.24,12592.01
214.78,2072.05,88053.96,20.25,12582.26
214.90,2074.34,88088.62,20.27,12572.51
215.02,2076.63,88123.28,20.28,12562.76
215.14,2078.92,88157.95,20.30,12553.01
215.26,2081.22,88192.62,20.32,12543.25
215.36,2083.13,88221.51,20.33,12535.13
215.48,2085.43,88256.19,20.34,12525.38
215.60,2087.74,88290.87,20.36,12515.63
215.72,2090.04,88325.55,20.38,12505.88
215.84,2092.35,88360.24,20.39,12496.12
215.96,2094.65,88394.94,20.41,12486.38
216.08,2096.96,88429.64,20.42,12476.62
216.20,2099.28,88464.34,20.44,12466.87
216.32,2101.59,88499.05,20.46,12457.12
216.44,2103.91,88533.77,20.47,12447.37
216.56,2106.23,88568.49,20.49,12437.62
216.68,2108.55,88603.22,20.50,12427.87
216.80,2110.87,88637.95,20.52,12418.12
216.92,2113.19,88672.69,20.54,12408.37
217.04,2115.52,88707.44,20.55,12398.62
217.14,2117.46,88736.40,20.57,12390.49
217.26,2119.79,88771.16,20.58,12380.74
217.38,2122.12,88805.93,20.60,12370.99
217.50,2124.46,88840.70,20.61,12361.24
217.62,2126.80,88875.49,20.63,12351.49
217.74,2129.14,88910.28,20.65,12341.74
217.84,2131.09,88939.28,20.66,12333.61
217.96,2133.43,88974.08,20.68,12323.86
218.08,2135.77,89008.90,20.69,12314.11
218.20,2138.12,89043.72,20.71,12304.36
218.32,2140.47,89078.55,20.73,12294.60
218.44,2142.82,89113.40,20.74,12284.85
218.54,2144.78,89142.44,20.76,12276.73
218.66,2147.14,89177.30,20.77,12266.98
218.78,2149.49,89212.16,20.79,12257.23
218.90,2151.85,89247.04,20.81,12247.47
219.02,2154.22,89281.93,20.82,12237.72
219.14,2156.58,89316.83,20.84,12227.97
219.26,2158.94,89351.75,20.86,12218.22
219.38,2161.31,89386.67,20.87,12208.47
219.50,2163.68,89421.61,20.89,12198.72
219.62,2166.05,89456.56,20.91,12188.97
219.74,2168.43,89491.52,20.92,12179.22
219.86,2170.80,89526.50,20.94,12169.47
219.98,2173.18,89561.48,20.96,12159.71
220.10,2175.56,89596.48,20.97,12149.96
220.22,2177.95,89631.49,20.99,12140.21
220.34,2180.33,89666.52,21.01,12130.46
220.46,2182.72,89701.56,21.02,12120.71
220.58,2185.11,89736.61,21.04,12110.96
220.70,2187.50,89771.68,21.06,12101.21
220.82,2189.89,89806.76,21.07,12091.46
220.92,2191.89,89836.00,21.09,12083.33
221.04,2194.29,89871.11,21.10,12073.58
221.16,2196.69,89906.24,21.12,12063.83
221.28,2199.09,89941.37,21.14,12054.08
221.38,2201.09,89970.67,21.15,12045.95
221.50,2203.50,90005.83,21.17,12036.20
221.62,2205.90,90041.01,21.19,12026.45
221.72,2207.91,90070.34,21.20,12018.33
221.86,2210.73,90111.41,21.22,12006.95
221.98,2213.14,90146.65,21.24,11997.20
222.10,2215.56,90181.90,21.26,11987.45
222.22,2217.98,90217.16,21.27,11977.70
222.34,2220.40,90252.45,21.29,11967.94
222.46,2222.82,90287.75,21.31,11958.19
222.58,2225.24,90323.07,21.33,11948.44
222.70,2227.67,90358.41,21.34,11938.69
222.82,2230.10,90393.76,21.36,11928.94
222.94,2232.53,90429.14,21.38,11919.19
223.06,2234.97,90464.53,21.40,11909.44
223.18,2237.40,90499.95,21.41,11899.69
223.30,2239.84,90535.38,21.43,11889.94
223.42,2242.28,90570.83,21.45,11880.19
223.54,2244.72,90606.30,21.47,11870.43
223.66,2247.17,90641.80,21.48,11860.68
